4.04 3.87 4.16 3.38 3.59 3.49 3.21 3.38 4.06 3.98 3.95 4.16 3.73 3.12 4.14 4.16 4.23 3.09 3.21 3.69 3.80 4.29 3.95 3.81 2.97 3.40 3.76 4.16 2.98 3.41 3.96 3.97 4.51 3.45 3.42 3.90 3.78 2.81 4.03 3.81 3.02 4.02 3.36 3.21 3.99 3.66 3.55 3.50 3.13 3.11 4.23 3.58 3.10 3.67 3.89 3.71 3.18 3.70 3.44 3.59 3.65 3.35 3.52 2.91 3.57 3.86 3.55 2.99 2.83 3.89 3.90 3.58 3.47 4.01 3.65 2.79 3.32 4.07 3.71 3.35 3.43 2.86 3.20 3.51 3.88 2.27 2.44 2.90 2.71 3.66 2.30 3.87 2.76 3.02 3.69 3.76 3.25 3.87 3.61 2.91
3.83 3.66 3.92 3.15 3.42 3.25 2.98 3.20 3.82 3.74 3.75 3.93 3.54 2.92 3.97 3.98 4.06 2.88 3.01 3.54 3.60 4.05 3.73 3.62 2.77 3.16 3.59 3.93 2.79 3.22 3.74 3.74 4.26 3.22 3.23 3.69 3.57 2.62 3.81 3.59 2.83 3.78 3.19 3.05 3.77 3.49 3.31 3.28 2.91 2.92 4.01 3.41 2.88 3.43 3.67 3.48 3.02 3.54 3.31 3.34 3.43 3.15 3.37 2.71 3.32 3.69 3.37 2.80 2.65 3.69 3.69 3.41 3.28 3.78 3.44 2.58 3.16 3.86 3.50 3.16 3.26 2.68 2.98 3.31 3.70 2.10 2.25 2.71 2.55 3.43 2.13 3.67 2.60 2.87 3.52 3.58 3.06 3.66 3.40 2.74
3.84 3.77 4.06 3.63 3.29 3.77 3.64 3.25 4.04 4.03 3.67 4.07 3.50 3.28 3.54 3.63 3.59 3.32 3.39 3.11 3.58 4.15 3.83 3.54 3.23 3.81 3.30 4.07 3.17 3.31 3.78 3.90 4.40 3.68 3.34 3.78 3.68 2.97 3.93 3.72 3.08 3.99 3.12 2.99 3.84 3.33 3.84 3.61 3.46 3.20 3.97 3.27 3.36 3.85 3.80 3.83 3.00 3.12 2.85 3.90 3.71 3.42 3.00 3.14 3.96 3.35 3.26 3.13 2.95 3.65 3.74 3.26 3.31 3.98 3.65 3.19 3.00 3.80 3.60 3.33 3.14 2.90 3.46 3.53 3.45 2.64 2.88 3.06 2.74 3.78 2.64 3.68 2.78 2.83 3.25 3.43 3.24 3.70 3.55 2.87
3.15 3.07 3.30 2.89 2.73 2.99 2.85 2.66 3.27 3.25 3.03 3.31 2.88 2.62 2.99 3.05 3.04 2.64 2.71 2.64 2.94 3.38 3.12 2.92 2.56 3.00 2.76 3.31 2.52 2.70 3.09 3.17 3.58 2.93 2.72 3.08 3.00 2.37 3.20 3.03 2.48 3.23 2.57 2.46 3.14 2.76 3.04 2.90 2.73 2.57 3.26 2.71 2.66 3.08 3.10 3.07 2.46 2.65 2.43 3.09 2.99 2.75 2.53 2.49 3.12 2.82 2.70 2.50 2.36 3.00 3.06 2.71 2.71 3.23 2.95 2.49 2.49 3.13 2.94 2.70 2.60 2.34 2.74 2.85 2.88 2.06 2.23 2.44 2.21 3.03 2.06 3.02 2.25 2.33 2.72 2.84 2.62 3.03 2.89 2.33
4.90 4.78 5.14 4.51 4.24 4.66 4.46 4.13 5.09 5.06 4.70 5.16 4.47 4.09 4.63 4.72 4.71 4.12 4.22 4.09 4.58 5.27 4.86 4.54 4.00 4.69 4.28 5.16 3.94 4.20 4.81 4.93 5.57 4.57 4.23 4.80 4.66 3.69 4.98 4.71 3.86 5.04 4.00 3.83 4.89 4.29 4.75 4.52 4.26 4.00 5.07 4.21 4.16 4.80 4.82 4.79 3.83 4.10 3.76 4.82 4.66 4.28 3.93 3.89 4.87 4.37 4.19 3.91 3.68 4.67 4.75 4.20 4.22 5.03 4.60 3.90 3.87 4.86 4.57 4.20 4.04 3.64 4.28 4.44 4.47 3.22 3.50 3.81 3.45 4.72 3.23 4.69 3.50 3.62 4.22 4.42 4.09 4.71 4.49 3.63
3.74 3.58 3.84 3.09 3.34 3.19 2.92 3.13 3.74 3.66 3.67 3.84 3.46 2.86 3.88 3.89 3.97 2.82 2.94 3.46 3.52 3.96 3.65 3.54 2.71 3.09 3.51 3.84 2.73 3.15 3.66 3.66 4.17 3.15 3.16 3.61 3.49 2.57 3.73 3.52 2.77 3.70 3.12 2.98 3.69 3.41 3.24 3.21 2.85 2.86 3.92 3.33 2.82 3.36 3.60 3.40 2.95 3.47 3.23 3.27 3.36 3.08 3.30 2.66 3.25 3.61 3.30 2.74 2.59 3.61 3.61 3.33 3.21 3.70 3.37 2.52 3.09 3.78 3.43 3.09 3.19 2.63 2.92 3.24 3.62 2.06 2.20 2.65 2.50 3.36 2.09 3.59 2.54 2.81 3.44 3.50 2.99 3.58 3.33 2.68
4.47 4.34 4.67 4.02 3.89 4.16 3.95 3.76 4.61 4.57 4.31 4.68 4.09 3.67 4.31 4.38 4.39 3.68 3.78 3.81 4.18 4.79 4.42 4.16 3.56 4.16 3.97 4.68 3.52 3.82 4.39 4.47 5.06 4.09 3.84 4.36 4.24 3.31 4.52 4.28 3.48 4.56 3.67 3.51 4.45 3.94 4.24 4.06 3.79 3.60 4.64 3.87 3.71 4.30 4.38 4.31 3.50 3.82 3.52 4.30 4.20 3.86 3.66 3.47 4.33 4.05 3.85 3.50 3.30 4.27 4.33 3.87 3.85 4.55 4.16 3.45 3.56 4.45 4.16 3.80 3.71 3.29 3.82 4.01 4.13 2.84 3.07 3.41 3.11 4.25 2.85 4.28 3.16 3.31 3.90 4.06 3.70 4.29 4.08 3.29
4.09 3.97 4.26 3.64 3.58 3.76 3.55 3.44 4.20 4.15 3.96 4.27 3.75 3.32 3.99 4.04 4.07 3.33 3.43 3.53 3.83 4.38 4.04 3.82 3.22 3.74 3.66 4.27 3.19 3.49 4.02 4.08 4.62 3.70 3.50 3.99 3.87 3.00 4.13 3.91 3.16 4.15 3.36 3.22 4.07 3.63 3.83 3.69 3.42 3.27 4.25 3.56 3.35 3.90 4.00 3.91 3.21 3.54 3.27 3.88 3.82 3.51 3.39 3.14 3.90 3.74 3.54 3.18 3.00 3.92 3.96 3.56 3.52 4.15 3.79 3.10 3.28 4.08 3.80 3.47 3.41 2.99 3.45 3.66 3.81 2.55 2.75 3.09 2.83 3.86 2.56 3.92 2.88 3.04 3.60 3.73 3.37 3.93 3.72 3.00
3.95 3.78 4.06 3.29 3.52 3.40 3.12 3.30 3.96 3.88 3.86 4.06 3.64 3.04 4.06 4.07 4.15 3.01 3.13 3.61 3.72 4.19 3.86 3.73 2.89 3.31 3.68 4.06 2.91 3.33 3.87 3.87 4.40 3.36 3.34 3.81 3.69 2.74 3.94 3.72 2.94 3.92 3.29 3.14 3.90 3.58 3.46 3.41 3.05 3.03 4.13 3.50 3.01 3.57 3.80 3.62 3.11 3.62 3.37 3.49 3.56 3.27 3.45 2.83 3.48 3.78 3.47 2.91 2.76 3.81 3.81 3.50 3.39 3.92 3.57 2.71 3.25 3.98 3.62 3.27 3.36 2.79 3.11 3.43 3.80 2.21 2.37 2.82 2.65 3.57 2.24 3.78 2.70 2.96 3.61 3.68 3.17 3.78 3.53 2.84
3.05 3.08 3.32 3.30 2.49 3.42 3.45 2.61 3.38 3.44 2.83 3.35 2.73 2.92 2.42 2.56 2.43 3.02 3.02 2.09 2.82 3.36 3.11 2.73 2.96 3.59 2.35 3.35 2.83 2.70 3.02 3.22 3.60 3.32 2.73 3.07 3.00 2.65 3.21 3.05 2.65 3.34 2.40 2.31 3.10 2.49 3.50 3.14 3.21 2.77 3.10 2.46 3.08 3.42 3.12 3.33 2.35 2.10 1.84 3.58 3.18 2.94 2.04 2.87 3.69 2.35 2.48 2.77 2.59 2.85 3.00 2.45 2.65 3.33 3.07 3.06 2.22 2.94 2.94 2.79 2.37 2.49 3.16 2.99 2.50 2.56 2.83 2.73 2.34 3.29 2.53 2.92 2.36 2.19 2.33 2.58 2.73 2.96 2.94 2.39
4.95 4.84 5.20 4.57 4.28 4.73 4.53 4.18 5.15 5.12 4.75 5.22 4.52 4.15 4.67 4.76 4.75 4.18 4.28 4.12 4.63 5.32 4.91 4.58 4.05 4.76 4.32 5.22 3.99 4.25 4.87 4.99 5.63 4.64 4.27 4.85 4.72 3.74 5.04 4.76 3.91 5.09 4.04 3.87 4.94 4.33 4.82 4.57 4.32 4.05 5.13 4.25 4.22 4.87 4.87 4.85 3.87 4.13 3.78 4.89 4.72 4.34 3.96 3.95 4.95 4.40 4.23 3.96 3.73 4.72 4.81 4.24 4.27 5.09 4.66 3.96 3.90 4.91 4.62 4.25 4.07 3.69 4.35 4.50 4.51 3.27 3.55 3.86 3.49 4.79 3.28 4.74 3.54 3.65 4.26 4.46 4.14 4.76 4.55 3.67
4.11 4.04 4.35 3.92 3.51 4.06 3.94 3.47 4.33 4.33 3.91 4.36 3.73 3.54 3.74 3.85 3.80 3.59 3.66 3.29 3.83 4.44 4.10 3.77 3.49 4.13 3.50 4.36 3.41 3.55 4.04 4.18 4.71 3.97 3.57 4.05 3.94 3.20 4.21 3.98 3.31 4.28 3.33 3.19 4.11 3.54 4.15 3.88 3.74 3.44 4.24 3.48 3.63 4.15 4.08 4.12 3.20 3.30 3.00 4.21 3.99 3.67 3.17 3.39 4.28 3.55 3.48 3.37 3.17 3.90 4.00 3.47 3.54 4.27 3.92 3.46 3.19 4.05 3.86 3.57 3.34 3.12 3.74 3.79 3.66 2.86 3.12 3.30 2.95 4.06 2.86 3.93 2.99 3.02 3.45 3.65 3.48 3.96 3.81 3.08
3.92 3.84 4.13 3.68 3.37 3.81 3.67 3.31 4.11 4.09 3.75 4.15 3.57 3.33 3.63 3.72 3.69 3.37 3.44 3.20 3.66 4.23 3.90 3.61 3.27 3.86 3.38 4.15 3.21 3.38 3.85 3.97 4.48 3.73 3.40 3.85 3.75 3.01 4.00 3.79 3.13 4.06 3.19 3.05 3.92 3.40 3.89 3.67 3.50 3.25 4.05 3.34 3.41 3.91 3.87 3.89 3.06 3.21 2.93 3.95 3.77 3.47 3.08 3.18 4.00 3.43 3.33 3.18 2.99 3.73 3.81 3.34 3.38 4.05 3.72 3.22 3.07 3.88 3.67 3.39 3.21 2.95 3.51 3.59 3.53 2.66 2.90 3.11 2.79 3.84 2.67 3.75 2.83 2.89 3.33 3.51 3.30 3.77 3.62 2.92
4.27 3.85 4.09 2.36 4.16 2.40 1.72 3.48 3.78 3.49 4.44 4.06 4.09 2.38 5.54 5.36 5.73 2.16 2.43 5.03 4.11 4.33 3.98 4.28 1.97 1.93 4.77 4.06 2.20 3.40 4.13 3.83 4.45 2.47 3.36 3.93 3.75 2.10 3.99 3.74 2.58 3.75 3.78 3.59 4.07 4.33 2.41 2.88 1.92 2.59 4.62 4.18 2.06 2.82 3.82 3.05 3.44 5.04 4.87 2.37 3.17 2.88 4.74 1.98 2.16 5.01 4.08 2.32 2.25 4.27 4.03 4.20 3.62 3.75 3.35 1.39 3.97 4.52 3.70 3.13 3.99 2.48 2.17 3.17 4.80 1.03 0.97 2.17 2.40 3.00 1.14 4.11 2.48 3.34 4.65 4.40 2.98 4.03 3.47 2.75
3.92 3.83 4.12 3.61 3.39 3.74 3.58 3.31 4.08 4.05 3.76 4.13 3.58 3.28 3.69 3.77 3.76 3.31 3.39 3.26 3.66 4.21 3.89 3.63 3.21 3.76 3.42 4.13 3.16 3.37 3.85 3.95 4.46 3.67 3.38 3.84 3.73 2.96 3.99 3.77 3.10 4.03 3.20 3.06 3.91 3.43 3.81 3.62 3.42 3.21 4.06 3.36 3.34 3.85 3.86 3.84 3.06 3.27 3.00 3.87 3.74 3.43 3.13 3.12 3.91 3.49 3.35 3.13 2.95 3.73 3.80 3.36 3.38 4.03 3.69 3.13 3.09 3.89 3.66 3.37 3.23 2.92 3.44 3.56 3.57 2.59 2.81 3.06 2.76 3.79 2.59 3.75 2.80 2.89 3.37 3.53 3.27 3.77 3.60 2.91
3.99 3.93 4.22 3.81 3.41 3.95 3.83 3.38 4.21 4.21 3.80 4.24 3.63 3.44 3.64 3.74 3.69 3.49 3.55 3.20 3.72 4.32 3.98 3.67 3.39 4.01 3.40 4.24 3.32 3.45 3.93 4.06 4.58 3.86 3.47 3.93 3.83 3.11 4.09 3.87 3.22 4.16 3.23 3.10 4.00 3.44 4.03 3.78 3.63 3.34 4.12 3.38 3.53 4.04 3.96 4.00 3.11 3.21 2.92 4.10 3.88 3.57 3.08 3.30 4.16 3.45 3.38 3.28 3.08 3.79 3.89 3.38 3.44 4.15 3.81 3.36 3.10 3.94 3.75 3.47 3.25 3.03 3.63 3.68 3.56 2.78 3.04 3.21 2.86 3.95 2.78 3.82 2.90 2.93 3.35 3.55 3.38 3.84 3.70 3.00
3.87 3.75 4.03 3.43 3.39 3.55 3.35 3.26 3.97 3.92 3.75 4.04 3.55 3.14 3.78 3.84 3.86 3.14 3.24 3.35 3.63 4.14 3.82 3.61 3.03 3.53 3.47 4.04 3.01 3.30 3.80 3.86 4.37 3.49 3.31 3.77 3.66 2.83 3.91 3.69 2.99 3.93 3.19 3.05 3.85 3.44 3.61 3.48 3.22 3.09 4.03 3.37 3.16 3.68 3.78 3.69 3.04 3.36 3.10 3.66 3.61 3.32 3.21 2.96 3.68 3.55 3.35 3.00 2.83 3.71 3.75 3.37 3.33 3.92 3.58 2.92 3.11 3.87 3.59 3.28 3.23 2.82 3.26 3.45 3.61 2.40 2.59 2.92 2.68 3.64 2.41 3.71 2.72 2.88 3.41 3.54 3.18 3.72 3.52 2.84
4.54 4.45 4.79 4.27 3.89 4.43 4.27 3.83 4.76 4.75 4.34 4.81 4.13 3.87 4.19 4.29 4.26 3.91 3.99 3.69 4.23 4.89 4.52 4.18 3.80 4.48 3.90 4.81 3.72 3.91 4.46 4.60 5.19 4.33 3.94 4.46 4.34 3.49 4.64 4.39 3.63 4.70 3.69 3.53 4.54 3.93 4.51 4.25 4.06 3.77 4.69 3.86 3.96 4.54 4.49 4.51 3.54 3.70 3.38 4.59 4.38 4.02 3.55 3.70 4.65 3.97 3.86 3.69 3.47 4.31 4.41 3.86 3.91 4.70 4.31 3.74 3.55 4.49 4.25 3.93 3.71 3.42 4.07 4.16 4.08 3.10 3.37 3.60 3.23 4.45 3.10 4.34 3.28 3.34 3.85 4.06 3.82 4.37 4.19 3.39
4.44 4.39 4.72 4.35 3.76 4.51 4.41 3.76 4.72 4.74 4.21 4.75 4.02 3.91 3.94 4.07 3.99 3.98 4.04 3.46 4.13 4.82 4.44 4.06 3.88 4.61 3.71 4.75 3.77 3.85 4.37 4.55 5.12 4.40 3.88 4.39 4.28 3.54 4.57 4.33 3.63 4.67 3.57 3.42 4.46 3.78 4.60 4.27 4.17 3.78 4.56 3.72 4.04 4.58 4.43 4.53 3.45 3.46 3.13 4.68 4.38 4.03 3.34 3.77 4.77 3.75 3.73 3.72 3.50 4.20 4.33 3.72 3.83 4.66 4.28 3.88 3.40 4.36 4.19 3.90 3.58 3.42 4.15 4.15 3.90 3.22 3.52 3.65 3.23 4.47 3.21 4.25 3.27 3.25 3.66 3.91 3.80 4.28 4.15 3.36
4.21 4.06 4.36 3.66 3.70 3.78 3.53 3.53 4.28 4.22 4.09 4.37 3.87 3.35 4.18 4.22 4.27 3.35 3.46 3.71 3.95 4.49 4.14 3.94 3.23 3.73 3.82 4.37 3.21 3.58 4.13 4.17 4.73 3.72 3.59 4.09 3.96 3.02 4.23 4.00 3.21 4.24 3.48 3.32 4.17 3.76 3.85 3.73 3.42 3.32 4.38 3.68 3.36 3.94 4.09 3.96 3.30 3.72 3.44 3.89 3.88 3.56 3.55 3.15 3.90 3.91 3.66 3.21 3.03 4.04 4.07 3.68 3.62 4.23 3.86 3.08 3.40 4.21 3.89 3.54 3.53 3.04 3.47 3.72 3.96 2.52 2.72 3.12 2.88 3.91 2.55 4.03 2.93 3.13 3.75 3.87 3.43 4.03 3.80 3.06
4.35 4.17 4.48 3.66 3.86 3.78 3.49 3.64 4.37 4.29 4.25 4.48 4.01 3.37 4.43 4.46 4.53 3.35 3.48 3.95 4.09 4.62 4.25 4.10 3.22 3.69 4.03 4.48 3.23 3.67 4.26 4.27 4.86 3.73 3.68 4.20 4.07 3.04 4.34 4.10 3.26 4.33 3.61 3.45 4.29 3.93 3.84 3.78 3.39 3.36 4.54 3.84 3.35 3.96 4.19 4.01 3.42 3.96 3.68 3.88 3.94 3.62 3.77 3.15 3.87 4.13 3.81 3.23 3.06 4.19 4.19 3.85 3.73 4.32 3.94 3.03 3.56 4.37 3.99 3.61 3.68 3.08 3.46 3.79 4.16 2.47 2.65 3.13 2.93 3.95 2.50 4.17 2.98 3.25 3.95 4.04 3.50 4.16 3.89 3.13
4.03 4.01 4.32 4.08 3.37 4.24 4.19 3.43 4.34 4.38 3.79 4.35 3.63 3.65 3.44 3.58 3.48 3.74 3.78 3.01 3.73 4.39 4.06 3.65 3.65 4.38 3.27 4.35 3.53 3.52 3.97 4.17 4.68 4.13 3.55 4.01 3.91 3.31 4.18 3.96 3.37 4.29 3.22 3.08 4.06 3.38 4.33 3.97 3.94 3.51 4.12 3.33 3.80 4.28 4.06 4.21 3.12 3.01 2.70 4.41 4.05 3.73 2.91 3.54 4.51 3.30 3.34 3.47 3.26 3.79 3.94 3.33 3.48 4.28 3.94 3.70 3.04 3.93 3.83 3.58 3.20 3.17 3.90 3.82 3.45 3.08 3.38 3.41 2.98 4.16 3.06 3.85 3.02 2.93 3.23 3.50 3.50 3.89 3.80 3.08
4.41 4.29 4.62 4.02 3.82 4.16 3.97 3.71 4.57 4.53 4.24 4.63 4.03 3.66 4.19 4.27 4.27 3.68 3.77 3.71 4.12 4.73 4.36 4.09 3.57 4.17 3.87 4.63 3.52 3.78 4.33 4.43 5.00 4.08 3.80 4.31 4.19 3.30 4.47 4.23 3.46 4.52 3.60 3.45 4.39 3.87 4.24 4.04 3.80 3.58 4.57 3.79 3.71 4.29 4.33 4.29 3.45 3.72 3.41 4.30 4.18 3.84 3.56 3.47 4.34 3.95 3.78 3.49 3.29 4.20 4.27 3.79 3.79 4.51 4.13 3.47 3.49 4.38 4.11 3.77 3.64 3.26 3.82 3.98 4.04 2.86 3.11 3.41 3.09 4.23 2.87 4.22 3.14 3.26 3.81 3.98 3.67 4.23 4.03 3.26
3.56 3.48 3.75 3.31 3.07 3.43 3.29 3.01 3.72 3.70 3.41 3.76 3.24 3.00 3.33 3.40 3.38 3.03 3.10 2.94 3.32 3.83 3.54 3.29 2.94 3.46 3.09 3.76 2.89 3.06 3.50 3.60 4.06 3.36 3.08 3.49 3.40 2.71 3.63 3.43 2.83 3.67 2.90 2.78 3.55 3.10 3.50 3.31 3.14 2.93 3.68 3.04 3.06 3.52 3.51 3.51 2.78 2.94 2.69 3.55 3.41 3.14 2.82 2.86 3.59 3.14 3.04 2.86 2.70 3.39 3.46 3.04 3.07 3.67 3.36 2.89 2.80 3.53 3.33 3.07 2.92 2.67 3.15 3.25 3.22 2.38 2.59 2.80 2.52 3.46 2.39 3.41 2.56 2.62 3.04 3.20 2.98 3.42 3.28 2.65
4.05 4.18 4.53 4.84 3.17 5.04 5.23 3.50 4.68 4.84 3.65 4.57 3.56 4.22 2.77 3.03 2.74 4.43 4.38 2.34 3.70 4.54 4.20 3.52 4.38 5.41 2.81 4.57 4.12 3.66 4.03 4.41 4.89 4.86 3.72 4.15 4.08 3.85 4.37 4.15 3.75 4.62 3.10 2.98 4.17 3.13 5.16 4.49 4.80 3.95 4.05 3.11 4.56 4.94 4.26 4.76 3.09 2.35 1.97 5.29 4.49 4.15 2.32 4.22 5.52 2.76 3.16 4.00 3.72 3.72 4.02 3.09 3.53 4.60 4.28 4.66 2.77 3.82 3.98 3.86 3.00 3.51 4.65 4.17 3.05 3.92 4.37 3.97 3.28 4.70 3.86 3.87 3.30 2.86 2.80 3.26 3.80 3.95 4.04 3.30
