0.00 0.00 0.00 3.38 0.00 0.00 3.21 3.38 4.06 0.00 0.00 4.16 3.73 0.00 0.00 0.00 0.00 3.09 3.21 3.69 3.80 0.00 0.00 0.00 2.97 3.40 3.76 0.00 2.98 0.00 0.00 3.97 4.51 0.00 0.00 0.00 0.00 0.00 4.03 0.00 0.00 0.00 0.00 0.00 3.99 3.66 0.00 0.00 0.00 0.00 0.00 0.00 0.00 3.67 0.00 3.71 3.18 0.00 0.00 0.00 0.00 0.00 3.52 0.00 3.57 0.00 0.00 0.00 0.00 0.00 0.00 3.58 3.47 0.00 0.00 0.00 0.00 0.00 0.00 0.00 3.43 2.86 3.20 0.00 0.00 0.00 0.00 2.90 2.71 3.66 0.00 0.00 2.76 3.02 3.69 0.00 0.00 0.00 0.00 0.00
0.00 0.00 0.00 0.00 0.00 0.00 2.98 0.00 0.00 0.00 0.00 0.00 3.54 0.00 0.00 0.00 0.00 2.88 3.01 0.00 0.00 0.00 0.00 0.00 0.00 0.00 0.00 3.93 2.79 0.00 0.00 0.00 4.26 0.00 0.00 0.00 0.00 0.00 3.81 3.59 2.83 3.78 0.00 0.00 0.00 0.00 0.00 0.00 0.00 0.00 0.00 0.00 0.00 3.43 3.67 3.48 0.00 0.00 0.00 0.00 0.00 3.15 3.37 0.00 3.32 0.00 0.00 0.00 0.00 3.69 0.00 0.00 0.00 3.78 0.00 2.58 0.00 0.00 0.00 0.00 3.26 0.00 0.00 0.00 0.00 0.00 0.00 0.00 2.55 3.43 2.13 0.00 0.00 2.87 0.00 0.00 0.00 0.00 0.00 0.00
3.84 3.77 0.00 3.63 3.29 0.00 0.00 0.00 0.00 0.00 0.00 4.07 3.50 3.28 0.00 0.00 0.00 3.32 0.00 3.11 0.00 0.00 0.00 0.00 3.23 0.00 0.00 0.00 3.17 3.31 0.00 0.00 4.40 0.00 0.00 0.00 0.00 2.97 0.00 0.00 3.08 3.99 3.12 2.99 3.84 3.33 3.84 3.61 3.46 0.00 0.00 0.00 0.00 0.00 3.80 3.83 3.00 3.12 2.85 0.00 0.00 0.00 3.00 0.00 0.00 0.00 3.26 3.13 0.00 0.00 3.74 0.00 0.00 3.98 3.65 3.19 3.00 3.80 3.60 3.33 0.00 2.90 0.00 3.53 3.45 2.64 2.88 0.00 2.74 3.78 2.64 3.68 2.78 2.83 3.25 3.43 3.24 0.00 3.55 2.87
0.00 0.00 0.00 0.00 0.00 0.00 0.00 0.00 0.00 0.00 0.00 0.00 0.00 0.00 0.00 0.00 0.00 0.00 0.00 0.00 0.00 0.00 0.00 0.00 0.00 0.00 0.00 0.00 0.00 0.00 0.00 0.00 0.00 0.00 0.00 0.00 0.00 0.00 0.00 0.00 0.00 0.00 0.00 0.00 0.00 0.00 0.00 0.00 0.00 0.00 0.00 0.00 0.00 0.00 0.00 0.00 0.00 0.00 0.00 0.00 0.00 0.00 0.00 0.00 0.00 0.00 0.00 0.00 0.00 0.00 0.00 0.00 0.00 0.00 0.00 0.00 0.00 0.00 0.00 0.00 0.00 0.00 0.00 0.00 0.00 0.00 0.00 0.00 0.00 0.00 0.00 0.00 0.00 0.00 0.00 0.00 0.00 0.00 0.00 0.00
4.90 0.00 5.14 0.00 4.24 4.66 4.46 4.13 5.09 5.06 4.70 5.16 4.47 0.00 0.00 0.00 0.00 4.12 4.22 0.00 0.00 5.27 0.00 4.54 4.00 4.69 0.00 0.00 3.94 4.20 4.81 0.00 5.57 4.57 0.00 0.00 4.66 3.69 0.00 0.00 3.86 5.04 4.00 0.00 0.00 0.00 0.00 0.00 0.00 0.00 0.00 0.00 0.00 0.00 4.82 4.79 0.00 4.10 3.76 0.00 4.66 0.00 3.93 3.89 4.87 0.00 0.00 3.91 0.00 0.00 0.00 0.00 0.00 5.03 4.60 0.00 0.00 4.86 4.57 4.20 4.04 0.00 4.28 0.00 0.00 0.00 3.50 0.00 0.00 4.72 0.00 4.69 3.50 3.62 0.00 0.00 4.09 0.00 0.00 0.00
3.74 0.00 0.00 3.09 0.00 0.00 2.92 0.00 0.00 0.00 0.00 0.00 0.00 0.00 0.00 0.00 0.00 2.82 2.94 0.00 0.00 0.00 0.00 0.00 0.00 3.09 0.00 0.00 2.73 0.00 0.00 0.00 4.17 3.15 0.00 0.00 0.00 2.57 0.00 0.00 0.00 0.00 0.00 0.00 0.00 0.00 0.00 0.00 0.00 0.00 0.00 0.00 0.00 0.00 3.60 3.40 2.95 3.47 3.23 0.00 0.00 0.00 3.30 0.00 0.00 0.00 0.00 2.74 0.00 0.00 0.00 0.00 0.00 3.70 0.00 0.00 0.00 3.78 3.43 3.09 3.19 0.00 0.00 0.00 0.00 0.00 0.00 0.00 0.00 0.00 0.00 3.59 2.54 2.81 0.00 0.00 2.99 0.00 0.00 2.68
0.00 0.00 0.00 0.00 0.00 0.00 0.00 0.00 4.61 0.00 0.00 0.00 4.09 0.00 0.00 0.00 0.00 3.68 0.00 0.00 0.00 0.00 0.00 0.00 0.00 0.00 0.00 0.00 0.00 3.82 0.00 0.00 0.00 0.00 0.00 0.00 0.00 0.00 0.00 0.00 0.00 0.00 0.00 0.00 0.00 3.94 0.00 0.00 0.00 0.00 0.00 0.00 0.00 0.00 0.00 0.00 0.00 0.00 0.00 0.00 0.00 0.00 0.00 0.00 0.00 0.00 0.00 0.00 0.00 0.00 0.00 0.00 0.00 0.00 4.16 0.00 0.00 0.00 0.00 0.00 0.00 3.29 3.82 0.00 0.00 0.00 0.00 0.00 0.00 0.00 0.00 0.00 3.16 3.31 3.90 0.00 0.00 0.00 0.00 3.29
4.09 0.00 0.00 0.00 0.00 0.00 3.55 3.44 0.00 4.15 0.00 0.00 0.00 0.00 0.00 0.00 0.00 3.33 3.43 0.00 3.83 0.00 0.00 0.00 0.00 3.74 0.00 0.00 3.19 0.00 0.00 0.00 4.62 0.00 3.50 0.00 0.00 0.00 0.00 0.00 0.00 0.00 0.00 0.00 0.00 3.63 3.83 0.00 0.00 0.00 0.00 0.00 0.00 0.00 0.00 3.91 0.00 0.00 0.00 0.00 0.00 0.00 0.00 0.00 0.00 0.00 0.00 0.00 3.00 0.00 3.96 3.56 0.00 0.00 0.00 0.00 0.00 4.08 3.80 3.47 0.00 0.00 3.45 0.00 0.00 0.00 0.00 0.00 2.83 0.00 2.56 0.00 0.00 0.00 0.00 0.00 0.00 0.00 0.00 0.00
3.95 3.78 4.06 3.29 0.00 0.00 3.12 3.30 3.96 3.88 3.86 0.00 3.64 3.04 4.06 4.07 4.15 3.01 3.13 0.00 3.72 0.00 0.00 0.00 2.89 3.31 3.68 4.06 2.91 3.33 0.00 3.87 4.40 3.36 0.00 0.00 0.00 0.00 0.00 0.00 2.94 3.92 0.00 0.00 0.00 3.58 3.46 0.00 3.05 0.00 0.00 0.00 0.00 3.57 0.00 3.62 3.11 3.62 0.00 3.49 3.56 3.27 3.45 2.83 3.48 3.78 3.47 2.91 2.76 3.81 0.00 0.00 0.00 3.92 3.57 2.71 3.25 3.98 3.62 0.00 3.36 2.79 3.11 3.43 3.80 2.21 2.37 2.82 2.65 3.57 2.24 0.00 2.70 2.96 0.00 0.00 0.00 3.78 0.00 2.84
3.05 3.08 0.00 3.30 0.00 0.00 3.45 0.00 0.00 3.44 0.00 0.00 0.00 2.92 2.42 0.00 2.43 3.02 0.00 2.09 2.82 0.00 0.00 0.00 0.00 0.00 2.35 3.35 2.83 0.00 0.00 0.00 3.60 0.00 0.00 0.00 0.00 0.00 0.00 3.05 2.65 0.00 0.00 0.00 3.10 2.49 0.00 3.14 0.00 0.00 0.00 0.00 0.00 3.42 0.00 0.00 2.35 2.10 0.00 0.00 0.00 0.00 2.04 2.87 0.00 0.00 0.00 2.77 0.00 0.00 0.00 0.00 2.65 0.00 0.00 3.06 2.22 0.00 2.94 2.79 2.37 2.49 3.16 0.00 0.00 0.00 2.83 2.73 0.00 3.29 0.00 0.00 2.36 2.19 2.33 0.00 2.73 2.96 2.94 2.39
0.00 0.00 0.00 4.57 0.00 4.73 0.00 4.18 0.00 5.12 4.75 0.00 4.52 4.15 4.67 0.00 4.75 4.18 4.28 4.12 4.63 5.32 4.91 4.58 0.00 4.76 4.32 5.22 3.99 4.25 4.87 4.99 5.63 0.00 0.00 4.85 4.72 3.74 5.04 0.00 3.91 5.09 4.04 3.87 4.94 4.33 0.00 0.00 4.32 4.05 0.00 0.00 0.00 0.00 4.87 4.85 3.87 0.00 0.00 4.89 4.72 0.00 3.96 3.95 0.00 0.00 0.00 3.96 3.73 4.72 0.00 0.00 0.00 5.09 4.66 3.96 3.90 0.00 0.00 0.00 4.07 3.69 4.35 4.50 4.51 0.00 3.55 3.86 3.49 4.79 3.28 0.00 3.54 3.65 4.26 0.00 4.14 4.76 4.55 3.67
0.00 0.00 0.00 0.00 0.00 0.00 0.00 3.47 0.00 0.00 0.00 0.00 0.00 3.54 0.00 0.00 0.00 0.00 0.00 0.00 0.00 0.00 0.00 0.00 0.00 0.00 3.50 4.36 0.00 3.55 4.04 4.18 4.71 0.00 0.00 0.00 0.00 3.20 4.21 0.00 3.31 0.00 3.33 0.00 0.00 3.54 0.00 0.00 0.00 0.00 0.00 0.00 0.00 0.00 0.00 4.12 0.00 0.00 0.00 0.00 3.99 3.67 3.17 0.00 4.28 0.00 3.48 0.00 0.00 3.90 0.00 0.00 0.00 4.27 0.00 0.00 0.00 0.00 0.00 0.00 3.34 3.12 3.74 0.00 0.00 2.86 0.00 3.30 0.00 4.06 0.00 3.93 2.99 3.02 3.45 0.00 0.00 0.00 3.81 3.08
0.00 0.00 0.00 3.68 0.00 0.00 3.67 0.00 0.00 4.09 0.00 0.00 0.00 3.33 3.63 3.72 3.69 3.37 0.00 0.00 3.66 0.00 0.00 3.61 3.27 3.86 0.00 0.00 3.21 3.38 0.00 0.00 4.48 3.73 3.40 0.00 0.00 0.00 4.00 3.79 3.13 0.00 0.00 3.05 0.00 0.00 0.00 0.00 3.50 0.00 0.00 0.00 0.00 0.00 0.00 0.00 0.00 0.00 0.00 0.00 0.00 0.00 3.08 0.00 0.00 0.00 0.00 0.00 0.00 0.00 0.00 3.34 3.38 0.00 3.72 0.00 3.07 0.00 0.00 3.39 3.21 0.00 3.51 3.59 3.53 0.00 2.90 3.11 2.79 3.84 0.00 0.00 2.83 2.89 0.00 0.00 0.00 3.77 3.62 0.00
0.00 0.00 0.00 0.00 0.00 0.00 0.00 0.00 0.00 0.00 0.00 0.00 0.00 0.00 0.00 0.00 0.00 0.00 0.00 0.00 0.00 0.00 0.00 0.00 0.00 0.00 0.00 0.00 0.00 0.00 0.00 0.00 0.00 0.00 0.00 0.00 0.00 0.00 0.00 0.00 0.00 0.00 0.00 0.00 0.00 0.00 0.00 0.00 0.00 2.59 0.00 0.00 0.00 0.00 0.00 0.00 0.00 0.00 0.00 0.00 0.00 0.00 0.00 0.00 0.00 0.00 0.00 0.00 0.00 0.00 0.00 0.00 0.00 0.00 0.00 0.00 0.00 0.00 0.00 0.00 0.00 0.00 0.00 0.00 0.00 0.00 0.00 0.00 0.00 0.00 0.00 0.00 0.00 0.00 0.00 0.00 0.00 0.00 0.00 0.00
0.00 0.00 0.00 0.00 0.00 0.00 3.58 3.31 4.08 0.00 0.00 0.00 3.58 0.00 0.00 0.00 0.00 0.00 3.39 0.00 0.00 4.21 0.00 0.00 3.21 3.76 0.00 0.00 3.16 0.00 0.00 0.00 0.00 3.67 0.00 0.00 0.00 0.00 0.00 0.00 0.00 0.00 0.00 0.00 0.00 0.00 3.81 0.00 0.00 0.00 0.00 0.00 0.00 3.85 0.00 3.84 0.00 0.00 0.00 0.00 0.00 3.43 3.13 0.00 3.91 0.00 0.00 0.00 0.00 0.00 0.00 0.00 0.00 4.03 0.00 0.00 0.00 0.00 0.00 0.00 0.00 0.00 0.00 0.00 0.00 2.59 0.00 3.06 0.00 0.00 0.00 0.00 2.80 2.89 0.00 0.00 0.00 0.00 0.00 2.91
0.00 0.00 0.00 0.00 0.00 0.00 0.00 0.00 0.00 0.00 0.00 0.00 0.00 0.00 0.00 0.00 0.00 3.49 0.00 0.00 0.00 0.00 0.00 0.00 0.00 4.01 0.00 0.00 3.32 0.00 0.00 0.00 0.00 0.00 0.00 0.00 0.00 0.00 0.00 0.00 0.00 0.00 0.00 0.00 0.00 0.00 0.00 0.00 0.00 0.00 0.00 0.00 0.00 0.00 0.00 4.00 0.00 0.00 0.00 0.00 0.00 0.00 0.00 0.00 0.00 0.00 0.00 0.00 0.00 0.00 0.00 0.00 0.00 0.00 0.00 0.00 0.00 0.00 0.00 0.00 0.00 0.00 0.00 0.00 0.00 0.00 0.00 0.00 0.00 0.00 0.00 0.00 0.00 0.00 0.00 0.00 0.00 0.00 0.00 0.00
0.00 3.75 0.00 0.00 0.00 0.00 0.00 0.00 0.00 0.00 0.00 0.00 3.55 3.14 0.00 0.00 0.00 3.14 0.00 3.35 0.00 0.00 3.82 0.00 0.00 0.00 0.00 0.00 3.01 0.00 0.00 0.00 4.37 3.49 0.00 0.00 0.00 0.00 0.00 0.00 2.99 0.00 0.00 0.00 0.00 3.44 3.61 0.00 3.22 0.00 0.00 0.00 0.00 3.68 3.78 0.00 3.04 0.00 0.00 0.00 0.00 0.00 3.21 2.96 0.00 0.00 0.00 3.00 0.00 0.00 3.75 0.00 0.00 0.00 0.00 2.92 3.11 0.00 0.00 0.00 0.00 0.00 0.00 0.00 0.00 0.00 2.59 2.92 0.00 0.00 2.41 0.00 2.72 2.88 0.00 3.54 3.18 0.00 0.00 2.84
4.54 4.45 0.00 0.00 0.00 4.43 0.00 3.83 4.76 4.75 0.00 4.81 4.13 3.87 4.19 4.29 4.26 3.91 3.99 0.00 4.23 0.00 0.00 4.18 3.80 0.00 0.00 0.00 3.72 3.91 4.46 0.00 5.19 0.00 3.94 4.46 4.34 3.49 4.64 0.00 3.63 4.70 0.00 0.00 4.54 3.93 4.51 0.00 4.06 3.77 0.00 0.00 0.00 4.54 4.49 4.51 3.54 3.70 3.38 4.59 4.38 4.02 3.55 3.70 0.00 0.00 0.00 0.00 0.00 0.00 4.41 0.00 0.00 0.00 4.31 3.74 3.55 4.49 4.25 3.93 3.71 3.42 4.07 4.16 4.08 0.00 3.37 3.60 3.23 4.45 3.10 0.00 3.28 3.34 3.85 0.00 0.00 4.37 0.00 3.39
0.00 0.00 0.00 4.35 3.76 0.00 0.00 3.76 4.72 4.74 4.21 0.00 4.02 0.00 3.94 4.07 3.99 3.98 0.00 3.46 4.13 0.00 0.00 4.06 0.00 0.00 3.71 0.00 3.77 3.85 0.00 4.55 0.00 0.00 3.88 0.00 0.00 3.54 4.57 0.00 3.63 0.00 0.00 3.42 4.46 3.78 0.00 4.27 0.00 0.00 0.00 0.00 0.00 4.58 4.43 0.00 3.45 3.46 0.00 0.00 4.38 0.00 3.34 3.77 4.77 0.00 3.73 3.72 3.50 0.00 0.00 3.72 3.83 4.66 4.28 3.88 3.40 0.00 0.00 0.00 3.58 3.42 4.15 0.00 3.90 3.22 3.52 3.65 3.23 0.00 3.21 4.25 3.27 3.25 3.66 3.91 3.80 4.28 4.15 3.36
0.00 4.06 0.00 3.66 0.00 0.00 3.53 3.53 0.00 4.22 0.00 4.37 0.00 3.35 0.00 0.00 0.00 3.35 3.46 3.71 3.95 0.00 4.14 0.00 3.23 3.73 3.82 4.37 3.21 3.58 0.00 4.17 4.73 0.00 3.59 4.09 0.00 3.02 4.23 0.00 3.21 0.00 3.48 3.32 4.17 3.76 3.85 3.73 3.42 3.32 0.00 0.00 0.00 3.94 0.00 3.96 3.30 0.00 0.00 0.00 3.88 0.00 3.55 3.15 0.00 0.00 0.00 0.00 3.03 4.04 4.07 3.68 3.62 0.00 3.86 3.08 3.40 0.00 0.00 0.00 3.53 3.04 3.47 3.72 3.96 2.52 2.72 3.12 2.88 3.91 2.55 0.00 2.93 3.13 3.75 3.87 3.43 4.03 3.80 3.06
4.35 4.17 0.00 0.00 0.00 0.00 3.49 3.64 0.00 4.29 0.00 4.48 4.01 3.37 4.43 4.46 4.53 3.35 3.48 0.00 4.09 0.00 0.00 4.10 3.22 3.69 4.03 0.00 3.23 0.00 0.00 4.27 4.86 0.00 0.00 0.00 0.00 3.04 0.00 0.00 0.00 0.00 0.00 0.00 4.29 3.93 3.84 0.00 3.39 3.36 0.00 0.00 0.00 0.00 4.19 4.01 3.42 0.00 0.00 0.00 3.94 0.00 3.77 3.15 3.87 0.00 0.00 3.23 3.06 0.00 0.00 0.00 0.00 0.00 0.00 3.03 0.00 4.37 3.99 3.61 3.68 3.08 3.46 0.00 0.00 2.47 0.00 3.13 2.93 0.00 2.50 0.00 2.98 3.25 0.00 4.04 3.50 4.16 3.89 3.13
0.00 0.00 0.00 0.00 0.00 0.00 0.00 3.43 0.00 0.00 0.00 0.00 3.63 0.00 0.00 0.00 0.00 3.74 3.78 3.01 3.73 0.00 0.00 3.65 0.00 4.38 0.00 0.00 3.53 0.00 0.00 0.00 4.68 4.13 3.55 4.01 0.00 0.00 0.00 0.00 3.37 0.00 0.00 0.00 0.00 0.00 0.00 0.00 3.94 0.00 4.12 3.33 0.00 4.28 0.00 4.21 3.12 0.00 0.00 0.00 0.00 0.00 0.00 0.00 4.51 0.00 0.00 0.00 0.00 0.00 3.94 3.33 3.48 0.00 3.94 0.00 3.04 0.00 0.00 0.00 3.20 3.17 3.90 3.82 3.45 0.00 0.00 0.00 2.98 0.00 0.00 0.00 3.02 2.93 3.23 0.00 0.00 0.00 0.00 3.08
4.41 0.00 0.00 0.00 0.00 0.00 0.00 3.71 0.00 0.00 0.00 0.00 0.00 0.00 0.00 0.00 0.00 3.68 0.00 3.71 4.12 0.00 0.00 0.00 0.00 0.00 0.00 0.00 3.52 0.00 0.00 0.00 5.00 0.00 0.00 0.00 0.00 0.00 0.00 0.00 0.00 0.00 3.60 0.00 0.00 3.87 4.24 0.00 0.00 0.00 0.00 0.00 0.00 0.00 0.00 0.00 3.45 0.00 0.00 0.00 4.18 0.00 0.00 3.47 4.34 0.00 3.78 0.00 0.00 0.00 4.27 0.00 0.00 0.00 0.00 3.47 0.00 0.00 0.00 3.77 0.00 0.00 3.82 0.00 0.00 2.86 0.00 0.00 3.09 4.23 0.00 0.00 3.14 0.00 0.00 3.98 3.67 4.23 0.00 0.00
3.56 3.48 0.00 3.31 3.07 0.00 0.00 3.01 0.00 3.70 0.00 3.76 3.24 3.00 0.00 3.40 0.00 0.00 3.10 0.00 3.32 0.00 0.00 0.00 2.94 0.00 0.00 0.00 2.89 3.06 3.50 3.60 0.00 3.36 3.08 3.49 0.00 2.71 3.63 0.00 0.00 0.00 2.90 0.00 3.55 3.10 3.50 0.00 3.14 2.93 0.00 0.00 3.06 3.52 3.51 0.00 2.78 0.00 2.69 0.00 3.41 0.00 2.82 2.86 0.00 3.14 3.04 2.86 2.70 0.00 0.00 3.04 3.07 0.00 0.00 2.89 2.80 3.53 3.33 3.07 2.92 0.00 3.15 0.00 0.00 2.38 2.59 2.80 0.00 0.00 2.39 0.00 2.56 2.62 3.04 3.20 2.98 3.42 3.28 2.65
0.00 0.00 0.00 0.00 0.00 0.00 0.00 0.00 0.00 0.00 0.00 0.00 3.56 0.00 0.00 0.00 0.00 4.43 4.38 0.00 0.00 0.00 0.00 0.00 4.38 0.00 2.81 0.00 4.12 0.00 0.00 0.00 0.00 0.00 0.00 0.00 0.00 0.00 0.00 0.00 0.00 0.00 0.00 0.00 0.00 0.00 5.16 0.00 0.00 0.00 0.00 0.00 0.00 0.00 0.00 0.00 0.00 0.00 0.00 0.00 0.00 0.00 2.32 0.00 0.00 0.00 3.16 0.00 0.00 0.00 0.00 0.00 0.00 0.00 0.00 0.00 0.00 0.00 0.00 0.00 0.00 0.00 4.65 4.17 3.05 0.00 0.00 0.00 3.28 4.70 0.00 0.00 0.00 2.86 0.00 0.00 0.00 0.00 0.00 0.00
